function dhdq = get_dhdq(in1,in2,in3,theta_begin,theta_end)
%GET_DHDQ
%    DHDQ = GET_DHDQ(IN1,IN2,IN3,THETA_BEGIN,THETA_END)

%    This function was generated by the Symbolic Math Toolbox version 7.0.
%    05-Jan-2017 20:47:27

alpha1_1 = in3(1);
alpha1_2 = in3(5);
alpha1_3 = in3(9);
alpha1_4 = in3(13);
alpha1_5 = in3(17);
alpha1_6 = in3(21);
alpha2_1 = in3(2);
alpha2_2 = in3(6);
alpha2_3 = in3(10);
alpha2_4 = in3(14);
alpha2_5 = in3(18);
alpha2_6 = in3(22);
alpha3_1 = in3(3);
alpha3_2 = in3(7);
alpha3_3 = in3(11);
alpha3_4 = in3(15);
alpha3_5 = in3(19);
alpha3_6 = in3(23);
alpha4_1 = in3(4);
alpha4_2 = in3(8);
alpha4_3 = in3(12);
alpha4_4 = in3(16);
alpha4_5 = in3(20);
alpha4_6 = in3(24);
q3 = in1(3,:);
q4 = in1(4,:);
q5 = in1(5,:);
t6 = q4.*(1.0./2.0);
t7 = q5.*(1.0./2.0);
t2 = q3+t6+t7+theta_begin;
t3 = t2.^2;
t4 = theta_end-theta_begin;
t5 = 1.0./t4.^5;
t8 = t3.^2;
t9 = 1.0./t4;
t12 = t2.*t9;
t10 = t12+1.0;
t11 = t10.^2;
t13 = t11.^2;
t14 = 1.0./t4.^3;
t15 = 1.0./t4.^2;
t16 = 1.0./t4.^4;
t17 = alpha1_6.*t5.*t8.*(5.0./2.0);
t18 = alpha1_2.*t9.*t13.*(5.0./2.0);
t19 = alpha1_4.*t3.*t11.*t14.*1.5e1;
t20 = alpha1_2.*t2.*t10.*t11.*t15.*1.0e1;
t21 = alpha1_4.*t2.*t3.*t10.*t16.*1.0e1;
t22 = t17+t18+t19+t20+t21-alpha1_5.*t5.*t8.*(5.0./2.0)-alpha1_1.*t9.*t13.*(5.0./2.0)-alpha1_3.*t3.*t11.*t14.*1.5e1-alpha1_5.*t2.*t3.*t10.*t16.*1.0e1-alpha1_3.*t2.*t10.*t11.*t15.*1.0e1;
t23 = q3.*2.0;
t24 = theta_begin.*2.0;
t25 = q4+q5+t23+t24;
t26 = alpha2_6.*t5.*t8.*(5.0./2.0);
t27 = alpha2_2.*t9.*t13.*(5.0./2.0);
t28 = alpha2_4.*t3.*t11.*t14.*1.5e1;
t29 = alpha2_2.*t2.*t10.*t11.*t15.*1.0e1;
t30 = alpha2_4.*t2.*t3.*t10.*t16.*1.0e1;
t31 = t26+t27+t28+t29+t30-alpha2_5.*t5.*t8.*(5.0./2.0)-alpha2_1.*t9.*t13.*(5.0./2.0)-alpha2_3.*t3.*t11.*t14.*1.5e1-alpha2_5.*t2.*t3.*t10.*t16.*1.0e1-alpha2_3.*t2.*t10.*t11.*t15.*1.0e1;
t32 = alpha3_6.*t5.*t8.*(5.0./2.0);
t33 = alpha3_2.*t9.*t13.*(5.0./2.0);
t34 = alpha3_4.*t3.*t11.*t14.*1.5e1;
t35 = alpha3_2.*t2.*t10.*t11.*t15.*1.0e1;
t36 = alpha3_4.*t2.*t3.*t10.*t16.*1.0e1;
t37 = t32+t33+t34+t35+t36-alpha3_5.*t5.*t8.*(5.0./2.0)-alpha3_1.*t9.*t13.*(5.0./2.0)-alpha3_3.*t3.*t11.*t14.*1.5e1-alpha3_5.*t2.*t3.*t10.*t16.*1.0e1-alpha3_3.*t2.*t10.*t11.*t15.*1.0e1;
t38 = alpha4_6.*t5.*t8.*(5.0./2.0);
t39 = alpha4_2.*t9.*t13.*(5.0./2.0);
t40 = alpha4_4.*t3.*t11.*t14.*1.5e1;
t41 = alpha4_2.*t2.*t10.*t11.*t15.*1.0e1;
t42 = alpha4_4.*t2.*t3.*t10.*t16.*1.0e1;
t43 = t38+t39+t40+t41+t42-alpha4_5.*t5.*t8.*(5.0./2.0)-alpha4_1.*t9.*t13.*(5.0./2.0)-alpha4_3.*t3.*t11.*t14.*1.5e1-alpha4_5.*t2.*t3.*t10.*t16.*1.0e1-alpha4_3.*t2.*t10.*t11.*t15.*1.0e1;
dhdq = reshape([0.0,0.0,0.0,0.0,0.0,0.0,0.0,0.0,alpha1_5.*t5.*t8.*-5.0+alpha1_6.*t5.*t8.*5.0-alpha1_1.*t9.*t13.*5.0+alpha1_2.*t9.*t13.*5.0-alpha1_3.*t3.*t11.*t14.*3.0e1+alpha1_4.*t3.*t11.*t14.*3.0e1+alpha1_4.*t2.*t3.*t10.*t16.*2.0e1-alpha1_5.*t2.*t3.*t10.*t16.*2.0e1+alpha1_2.*t2.*t10.*t11.*t15.*2.0e1-alpha1_3.*t10.*t11.*t15.*t25.*1.0e1,alpha2_5.*t5.*t8.*-5.0+alpha2_6.*t5.*t8.*5.0-alpha2_1.*t9.*t13.*5.0+alpha2_2.*t9.*t13.*5.0-alpha2_3.*t3.*t11.*t14.*3.0e1+alpha2_4.*t3.*t11.*t14.*3.0e1+alpha2_4.*t2.*t3.*t10.*t16.*2.0e1-alpha2_5.*t2.*t3.*t10.*t16.*2.0e1+alpha2_2.*t2.*t10.*t11.*t15.*2.0e1-alpha2_3.*t10.*t11.*t15.*t25.*1.0e1,alpha3_5.*t5.*t8.*-5.0+alpha3_6.*t5.*t8.*5.0-alpha3_1.*t9.*t13.*5.0+alpha3_2.*t9.*t13.*5.0-alpha3_3.*t3.*t11.*t14.*3.0e1+alpha3_4.*t3.*t11.*t14.*3.0e1+alpha3_4.*t2.*t3.*t10.*t16.*2.0e1-alpha3_5.*t2.*t3.*t10.*t16.*2.0e1+alpha3_2.*t2.*t10.*t11.*t15.*2.0e1-alpha3_3.*t10.*t11.*t15.*t25.*1.0e1,alpha4_5.*t5.*t8.*-5.0+alpha4_6.*t5.*t8.*5.0-alpha4_1.*t9.*t13.*5.0+alpha4_2.*t9.*t13.*5.0-alpha4_3.*t3.*t11.*t14.*3.0e1+alpha4_4.*t3.*t11.*t14.*3.0e1+alpha4_4.*t2.*t3.*t10.*t16.*2.0e1-alpha4_5.*t2.*t3.*t10.*t16.*2.0e1+alpha4_2.*t2.*t10.*t11.*t15.*2.0e1-alpha4_3.*t10.*t11.*t15.*t25.*1.0e1,t22,t31,t37,t43,t22,t31,t37,t43,0.0,0.0,0.0,0.0,0.0,0.0,0.0,0.0,1.0./2.0,0.0,-1.0,0.0,1.0./2.0,0.0,1.0,0.0,0.0,1.0./2.0,0.0,-1.0,0.0,1.0./2.0,0.0,1.0],[4,11]);
