function d_dhdq = get_d_dhdq(in1,in2,in3,theta_begin,theta_end)
%GET_D_DHDQ
%    D_DHDQ = GET_D_DHDQ(IN1,IN2,IN3,THETA_BEGIN,THETA_END)

%    This function was generated by the Symbolic Math Toolbox version 7.0.
%    05-Jan-2017 20:47:25

alpha1_1 = in3(1);
alpha1_2 = in3(5);
alpha1_3 = in3(9);
alpha1_4 = in3(13);
alpha1_5 = in3(17);
alpha1_6 = in3(21);
alpha2_1 = in3(2);
alpha2_2 = in3(6);
alpha2_3 = in3(10);
alpha2_4 = in3(14);
alpha2_5 = in3(18);
alpha2_6 = in3(22);
alpha3_1 = in3(3);
alpha3_2 = in3(7);
alpha3_3 = in3(11);
alpha3_4 = in3(15);
alpha3_5 = in3(19);
alpha3_6 = in3(23);
alpha4_1 = in3(4);
alpha4_2 = in3(8);
alpha4_3 = in3(12);
alpha4_4 = in3(16);
alpha4_5 = in3(20);
alpha4_6 = in3(24);
dq3 = in2(3,:);
dq4 = in2(4,:);
dq5 = in2(5,:);
q3 = in1(3,:);
q4 = in1(4,:);
q5 = in1(5,:);
t6 = q4.*(1.0./2.0);
t7 = q5.*(1.0./2.0);
t2 = q3+t6+t7+theta_begin;
t3 = t2.^2;
t4 = theta_end-theta_begin;
t5 = 1.0./t4.^5;
t11 = 1.0./t4;
t12 = t2.*t11;
t8 = t12+1.0;
t9 = t8.^2;
t10 = 1.0./t4.^2;
t13 = 1.0./t4.^3;
t14 = q3.*2.0;
t15 = theta_begin.*2.0;
t16 = q4+q5+t14+t15;
t17 = 1.0./t4.^4;
t18 = alpha1_5.*t2.*t3.*t5.*2.0e1;
t19 = alpha1_1.*t8.*t9.*t10.*1.0e1;
t20 = alpha1_3.*t8.*t9.*t10.*1.0e1;
t21 = alpha1_3.*t9.*t13.*t16.*1.5e1;
t22 = alpha1_3.*t2.*t9.*t13.*3.0e1;
t23 = alpha1_3.*t3.*t8.*t17.*3.0e1;
t24 = alpha1_5.*t3.*t8.*t17.*3.0e1;
t32 = alpha1_4.*t2.*t3.*t5.*1.0e1;
t33 = alpha1_6.*t2.*t3.*t5.*1.0e1;
t34 = alpha1_2.*t8.*t9.*t10.*2.0e1;
t35 = alpha1_2.*t2.*t9.*t13.*3.0e1;
t36 = alpha1_4.*t3.*t8.*t17.*6.0e1;
t25 = t18+t19+t20+t21+t22+t23+t24-t32-t33-t34-t35-t36-alpha1_4.*t9.*t13.*t16.*1.5e1;
t26 = alpha1_5.*t2.*t3.*t5.*1.0e1;
t27 = alpha1_1.*t8.*t9.*t10.*5.0;
t28 = alpha1_3.*t8.*t9.*t10.*5.0;
t29 = alpha1_3.*t3.*t8.*t17.*1.5e1;
t30 = alpha1_5.*t3.*t8.*t17.*1.5e1;
t37 = alpha1_4.*t2.*t3.*t5.*5.0;
t38 = alpha1_6.*t2.*t3.*t5.*5.0;
t39 = alpha1_2.*t8.*t9.*t10.*1.0e1;
t40 = alpha1_2.*t2.*t9.*t13.*1.5e1;
t41 = alpha1_4.*t2.*t9.*t13.*1.5e1;
t42 = alpha1_4.*t3.*t8.*t17.*3.0e1;
t31 = t22+t26+t27+t28+t29+t30-t37-t38-t39-t40-t41-t42;
t43 = t18+t19+t20+t21+t22+t23+t24-t32-t33-t34-t35-t36-alpha1_4.*t2.*t9.*t13.*3.0e1;
t44 = -dq4.*t31-dq5.*t31-dq3.*t43;
t45 = alpha2_5.*t2.*t3.*t5.*2.0e1;
t46 = alpha2_1.*t8.*t9.*t10.*1.0e1;
t47 = alpha2_3.*t8.*t9.*t10.*1.0e1;
t48 = alpha2_3.*t9.*t13.*t16.*1.5e1;
t49 = alpha2_3.*t2.*t9.*t13.*3.0e1;
t50 = alpha2_3.*t3.*t8.*t17.*3.0e1;
t51 = alpha2_5.*t3.*t8.*t17.*3.0e1;
t59 = alpha2_4.*t2.*t3.*t5.*1.0e1;
t60 = alpha2_6.*t2.*t3.*t5.*1.0e1;
t61 = alpha2_2.*t8.*t9.*t10.*2.0e1;
t62 = alpha2_2.*t2.*t9.*t13.*3.0e1;
t63 = alpha2_4.*t3.*t8.*t17.*6.0e1;
t52 = t45+t46+t47+t48+t49+t50+t51-t59-t60-t61-t62-t63-alpha2_4.*t9.*t13.*t16.*1.5e1;
t53 = alpha2_5.*t2.*t3.*t5.*1.0e1;
t54 = alpha2_1.*t8.*t9.*t10.*5.0;
t55 = alpha2_3.*t8.*t9.*t10.*5.0;
t56 = alpha2_3.*t3.*t8.*t17.*1.5e1;
t57 = alpha2_5.*t3.*t8.*t17.*1.5e1;
t64 = alpha2_4.*t2.*t3.*t5.*5.0;
t65 = alpha2_6.*t2.*t3.*t5.*5.0;
t66 = alpha2_2.*t8.*t9.*t10.*1.0e1;
t67 = alpha2_2.*t2.*t9.*t13.*1.5e1;
t68 = alpha2_4.*t2.*t9.*t13.*1.5e1;
t69 = alpha2_4.*t3.*t8.*t17.*3.0e1;
t58 = t49+t53+t54+t55+t56+t57-t64-t65-t66-t67-t68-t69;
t70 = t45+t46+t47+t48+t49+t50+t51-t59-t60-t61-t62-t63-alpha2_4.*t2.*t9.*t13.*3.0e1;
t71 = -dq4.*t58-dq5.*t58-dq3.*t70;
t72 = alpha3_5.*t2.*t3.*t5.*2.0e1;
t73 = alpha3_1.*t8.*t9.*t10.*1.0e1;
t74 = alpha3_3.*t8.*t9.*t10.*1.0e1;
t75 = alpha3_3.*t9.*t13.*t16.*1.5e1;
t76 = alpha3_3.*t2.*t9.*t13.*3.0e1;
t77 = alpha3_3.*t3.*t8.*t17.*3.0e1;
t78 = alpha3_5.*t3.*t8.*t17.*3.0e1;
t86 = alpha3_4.*t2.*t3.*t5.*1.0e1;
t87 = alpha3_6.*t2.*t3.*t5.*1.0e1;
t88 = alpha3_2.*t8.*t9.*t10.*2.0e1;
t89 = alpha3_2.*t2.*t9.*t13.*3.0e1;
t90 = alpha3_4.*t3.*t8.*t17.*6.0e1;
t79 = t72+t73+t74+t75+t76+t77+t78-t86-t87-t88-t89-t90-alpha3_4.*t9.*t13.*t16.*1.5e1;
t80 = alpha3_5.*t2.*t3.*t5.*1.0e1;
t81 = alpha3_1.*t8.*t9.*t10.*5.0;
t82 = alpha3_3.*t8.*t9.*t10.*5.0;
t83 = alpha3_3.*t3.*t8.*t17.*1.5e1;
t84 = alpha3_5.*t3.*t8.*t17.*1.5e1;
t91 = alpha3_4.*t2.*t3.*t5.*5.0;
t92 = alpha3_6.*t2.*t3.*t5.*5.0;
t93 = alpha3_2.*t8.*t9.*t10.*1.0e1;
t94 = alpha3_2.*t2.*t9.*t13.*1.5e1;
t95 = alpha3_4.*t2.*t9.*t13.*1.5e1;
t96 = alpha3_4.*t3.*t8.*t17.*3.0e1;
t85 = t76+t80+t81+t82+t83+t84-t91-t92-t93-t94-t95-t96;
t97 = t72+t73+t74+t75+t76+t77+t78-t86-t87-t88-t89-t90-alpha3_4.*t2.*t9.*t13.*3.0e1;
t98 = -dq4.*t85-dq5.*t85-dq3.*t97;
t99 = alpha4_5.*t2.*t3.*t5.*2.0e1;
t100 = alpha4_1.*t8.*t9.*t10.*1.0e1;
t101 = alpha4_3.*t8.*t9.*t10.*1.0e1;
t102 = alpha4_3.*t9.*t13.*t16.*1.5e1;
t103 = alpha4_3.*t2.*t9.*t13.*3.0e1;
t104 = alpha4_3.*t3.*t8.*t17.*3.0e1;
t105 = alpha4_5.*t3.*t8.*t17.*3.0e1;
t113 = alpha4_4.*t2.*t3.*t5.*1.0e1;
t114 = alpha4_6.*t2.*t3.*t5.*1.0e1;
t115 = alpha4_2.*t8.*t9.*t10.*2.0e1;
t116 = alpha4_2.*t2.*t9.*t13.*3.0e1;
t117 = alpha4_4.*t3.*t8.*t17.*6.0e1;
t106 = t99+t100+t101+t102+t103+t104+t105-t113-t114-t115-t116-t117-alpha4_4.*t9.*t13.*t16.*1.5e1;
t107 = alpha4_5.*t2.*t3.*t5.*1.0e1;
t108 = alpha4_1.*t8.*t9.*t10.*5.0;
t109 = alpha4_3.*t8.*t9.*t10.*5.0;
t110 = alpha4_3.*t3.*t8.*t17.*1.5e1;
t111 = alpha4_5.*t3.*t8.*t17.*1.5e1;
t118 = alpha4_4.*t2.*t3.*t5.*5.0;
t119 = alpha4_6.*t2.*t3.*t5.*5.0;
t120 = alpha4_2.*t8.*t9.*t10.*1.0e1;
t121 = alpha4_2.*t2.*t9.*t13.*1.5e1;
t122 = alpha4_4.*t2.*t9.*t13.*1.5e1;
t123 = alpha4_4.*t3.*t8.*t17.*3.0e1;
t112 = t103+t107+t108+t109+t110+t111-t118-t119-t120-t121-t122-t123;
t124 = t99+t100+t101+t102+t103+t104+t105-t113-t114-t115-t116-t117-alpha4_4.*t2.*t9.*t13.*3.0e1;
t125 = -dq4.*t112-dq5.*t112-dq3.*t124;
d_dhdq = reshape([0.0,0.0,0.0,0.0,0.0,0.0,0.0,0.0,-dq4.*t25-dq5.*t25+dq3.*(alpha1_4.*t2.*t3.*t5.*2.0e1-alpha1_5.*t2.*t3.*t5.*4.0e1+alpha1_6.*t2.*t3.*t5.*2.0e1+alpha1_2.*t2.*t9.*t13.*6.0e1-alpha1_1.*t8.*t9.*t10.*2.0e1+alpha1_2.*t8.*t9.*t10.*4.0e1-alpha1_3.*t8.*t9.*t10.*2.0e1-alpha1_3.*t3.*t8.*t17.*6.0e1+alpha1_4.*t3.*t8.*t17.*1.2e2-alpha1_5.*t3.*t8.*t17.*6.0e1-alpha1_3.*t9.*t13.*t16.*6.0e1+alpha1_4.*t9.*t13.*t16.*3.0e1),-dq4.*t52-dq5.*t52+dq3.*(alpha2_4.*t2.*t3.*t5.*2.0e1-alpha2_5.*t2.*t3.*t5.*4.0e1+alpha2_6.*t2.*t3.*t5.*2.0e1+alpha2_2.*t2.*t9.*t13.*6.0e1-alpha2_1.*t8.*t9.*t10.*2.0e1+alpha2_2.*t8.*t9.*t10.*4.0e1-alpha2_3.*t8.*t9.*t10.*2.0e1-alpha2_3.*t3.*t8.*t17.*6.0e1+alpha2_4.*t3.*t8.*t17.*1.2e2-alpha2_5.*t3.*t8.*t17.*6.0e1-alpha2_3.*t9.*t13.*t16.*6.0e1+alpha2_4.*t9.*t13.*t16.*3.0e1),-dq4.*t79-dq5.*t79+dq3.*(alpha3_4.*t2.*t3.*t5.*2.0e1-alpha3_5.*t2.*t3.*t5.*4.0e1+alpha3_6.*t2.*t3.*t5.*2.0e1+alpha3_2.*t2.*t9.*t13.*6.0e1-alpha3_1.*t8.*t9.*t10.*2.0e1+alpha3_2.*t8.*t9.*t10.*4.0e1-alpha3_3.*t8.*t9.*t10.*2.0e1-alpha3_3.*t3.*t8.*t17.*6.0e1+alpha3_4.*t3.*t8.*t17.*1.2e2-alpha3_5.*t3.*t8.*t17.*6.0e1-alpha3_3.*t9.*t13.*t16.*6.0e1+alpha3_4.*t9.*t13.*t16.*3.0e1),-dq4.*t106-dq5.*t106+dq3.*(alpha4_4.*t2.*t3.*t5.*2.0e1-alpha4_5.*t2.*t3.*t5.*4.0e1+alpha4_6.*t2.*t3.*t5.*2.0e1+alpha4_2.*t2.*t9.*t13.*6.0e1-alpha4_1.*t8.*t9.*t10.*2.0e1+alpha4_2.*t8.*t9.*t10.*4.0e1-alpha4_3.*t8.*t9.*t10.*2.0e1-alpha4_3.*t3.*t8.*t17.*6.0e1+alpha4_4.*t3.*t8.*t17.*1.2e2-alpha4_5.*t3.*t8.*t17.*6.0e1-alpha4_3.*t9.*t13.*t16.*6.0e1+alpha4_4.*t9.*t13.*t16.*3.0e1),t44,t71,t98,t125,t44,t71,t98,t125,0.0,0.0,0.0,0.0,0.0,0.0,0.0,0.0,0.0,0.0,0.0,0.0,0.0,0.0,0.0,0.0,0.0,0.0,0.0,0.0,0.0,0.0,0.0,0.0],[4,11]);
