function d_dhdq = get_d_dhdq(in1,in2,in3,theta_begin,theta_end)
%GET_D_DHDQ
%    D_DHDQ = GET_D_DHDQ(IN1,IN2,IN3,THETA_BEGIN,THETA_END)

%    This function was generated by the Symbolic Math Toolbox version 7.0.
%    10-Jan-2017 16:40:24

alpha1_1 = in3(1);
alpha1_2 = in3(5);
alpha1_3 = in3(9);
alpha1_4 = in3(13);
alpha1_5 = in3(17);
alpha1_6 = in3(21);
alpha1_7 = in3(25);
alpha1_8 = in3(29);
alpha1_9 = in3(33);
alpha2_1 = in3(2);
alpha2_2 = in3(6);
alpha2_3 = in3(10);
alpha2_4 = in3(14);
alpha2_5 = in3(18);
alpha2_6 = in3(22);
alpha2_7 = in3(26);
alpha2_8 = in3(30);
alpha2_9 = in3(34);
alpha3_1 = in3(3);
alpha3_2 = in3(7);
alpha3_3 = in3(11);
alpha3_4 = in3(15);
alpha3_5 = in3(19);
alpha3_6 = in3(23);
alpha3_7 = in3(27);
alpha3_8 = in3(31);
alpha3_9 = in3(35);
alpha4_1 = in3(4);
alpha4_2 = in3(8);
alpha4_3 = in3(12);
alpha4_4 = in3(16);
alpha4_5 = in3(20);
alpha4_6 = in3(24);
alpha4_7 = in3(28);
alpha4_8 = in3(32);
alpha4_9 = in3(36);
alpha1_10 = in3(37);
alpha1_11 = in3(41);
alpha2_10 = in3(38);
alpha2_11 = in3(42);
alpha3_10 = in3(39);
alpha3_11 = in3(43);
alpha4_10 = in3(40);
alpha4_11 = in3(44);
dq3 = in2(3,:);
dq4 = in2(4,:);
dq5 = in2(5,:);
q3 = in1(3,:);
q4 = in1(4,:);
q5 = in1(5,:);
t7 = q4.*(1.0./2.0);
t8 = q5.*(1.0./2.0);
t2 = q3+t7+t8+theta_begin;
t3 = t2.^2;
t4 = t3.^2;
t5 = theta_end-theta_begin;
t6 = 1.0./t5.^10;
t9 = t4.^2;
t14 = 1.0./t5;
t15 = t2.*t14;
t10 = t15+1.0;
t11 = t10.^2;
t12 = t11.^2;
t13 = 1.0./t5.^2;
t16 = t12.^2;
t17 = 1.0./t5.^4;
t18 = 1.0./t5.^5;
t19 = 1.0./t5.^6;
t20 = 1.0./t5.^7;
t21 = 1.0./t5.^8;
t22 = 1.0./t5.^3;
t23 = q3.*2.0;
t24 = theta_begin.*2.0;
t25 = q4+q5+t23+t24;
t26 = 1.0./t5.^9;
t27 = alpha1_9.*t6.*t9.*4.5e1;
t28 = alpha1_11.*t6.*t9.*4.5e1;
t29 = alpha1_1.*t13.*t16.*4.5e1;
t30 = alpha1_3.*t13.*t16.*4.5e1;
t31 = alpha1_3.*t3.*t11.*t12.*t17.*1.26e3;
t32 = alpha1_5.*t3.*t11.*t12.*t17.*1.26e3;
t33 = alpha1_5.*t2.*t3.*t10.*t12.*t18.*5.04e3;
t34 = alpha1_5.*t4.*t12.*t19.*3.15e3;
t35 = alpha1_7.*t4.*t12.*t19.*3.15e3;
t36 = alpha1_7.*t2.*t4.*t10.*t11.*t20.*5.04e3;
t37 = alpha1_7.*t3.*t4.*t11.*t21.*1.26e3;
t38 = alpha1_9.*t3.*t4.*t11.*t21.*1.26e3;
t39 = alpha1_3.*t10.*t11.*t12.*t22.*t25.*1.8e2;
t40 = alpha1_3.*t2.*t10.*t11.*t12.*t22.*3.6e2;
t41 = alpha1_9.*t2.*t3.*t4.*t10.*t26.*7.2e2;
t43 = alpha1_10.*t6.*t9.*9.0e1;
t44 = alpha1_2.*t13.*t16.*9.0e1;
t45 = alpha1_4.*t3.*t11.*t12.*t17.*2.52e3;
t46 = alpha1_4.*t2.*t3.*t10.*t12.*t18.*2.52e3;
t47 = alpha1_6.*t2.*t3.*t10.*t12.*t18.*2.52e3;
t48 = alpha1_6.*t4.*t12.*t19.*6.3e3;
t49 = alpha1_6.*t2.*t4.*t10.*t11.*t20.*2.52e3;
t50 = alpha1_8.*t2.*t4.*t10.*t11.*t20.*2.52e3;
t51 = alpha1_8.*t3.*t4.*t11.*t21.*2.52e3;
t52 = alpha1_2.*t2.*t10.*t11.*t12.*t22.*3.6e2;
t53 = alpha1_8.*t2.*t3.*t4.*t10.*t26.*3.6e2;
t54 = alpha1_10.*t2.*t3.*t4.*t10.*t26.*3.6e2;
t42 = t27+t28+t29+t30+t31+t32+t33+t34+t35+t36+t37+t38+t39+t40+t41-t43-t44-t45-t46-t47-t48-t49-t50-t51-t52-t53-t54-alpha1_4.*t10.*t11.*t12.*t22.*t25.*1.8e2;
t55 = alpha1_9.*t6.*t9.*(4.5e1./2.0);
t56 = alpha1_11.*t6.*t9.*(4.5e1./2.0);
t57 = alpha1_1.*t13.*t16.*(4.5e1./2.0);
t58 = alpha1_3.*t13.*t16.*(4.5e1./2.0);
t59 = alpha1_3.*t3.*t11.*t12.*t17.*6.3e2;
t60 = alpha1_5.*t3.*t11.*t12.*t17.*6.3e2;
t61 = alpha1_5.*t2.*t3.*t10.*t12.*t18.*2.52e3;
t62 = alpha1_5.*t4.*t12.*t19.*1.575e3;
t63 = alpha1_7.*t4.*t12.*t19.*1.575e3;
t64 = alpha1_7.*t2.*t4.*t10.*t11.*t20.*2.52e3;
t65 = alpha1_7.*t3.*t4.*t11.*t21.*6.3e2;
t66 = alpha1_9.*t3.*t4.*t11.*t21.*6.3e2;
t67 = alpha1_9.*t2.*t3.*t4.*t10.*t26.*3.6e2;
t70 = alpha1_10.*t6.*t9.*4.5e1;
t71 = alpha1_2.*t13.*t16.*4.5e1;
t72 = alpha1_4.*t3.*t11.*t12.*t17.*1.26e3;
t73 = alpha1_4.*t2.*t3.*t10.*t12.*t18.*1.26e3;
t74 = alpha1_6.*t2.*t3.*t10.*t12.*t18.*1.26e3;
t75 = alpha1_6.*t4.*t12.*t19.*3.15e3;
t76 = alpha1_6.*t2.*t4.*t10.*t11.*t20.*1.26e3;
t77 = alpha1_8.*t2.*t4.*t10.*t11.*t20.*1.26e3;
t78 = alpha1_8.*t3.*t4.*t11.*t21.*1.26e3;
t79 = alpha1_2.*t2.*t10.*t11.*t12.*t22.*1.8e2;
t80 = alpha1_4.*t2.*t10.*t11.*t12.*t22.*1.8e2;
t81 = alpha1_8.*t2.*t3.*t4.*t10.*t26.*1.8e2;
t82 = alpha1_10.*t2.*t3.*t4.*t10.*t26.*1.8e2;
t68 = t40+t55+t56+t57+t58+t59+t60+t61+t62+t63+t64+t65+t66+t67-t70-t71-t72-t73-t74-t75-t76-t77-t78-t79-t80-t81-t82;
t69 = t27+t28+t29+t30+t31+t32+t33+t34+t35+t36+t37+t38+t39+t40+t41-t43-t44-t45-t46-t47-t48-t49-t50-t51-t52-t53-t54-alpha1_4.*t2.*t10.*t11.*t12.*t22.*3.6e2;
t83 = -dq3.*t69-dq4.*t68-dq5.*t68;
t84 = alpha2_9.*t6.*t9.*4.5e1;
t85 = alpha2_11.*t6.*t9.*4.5e1;
t86 = alpha2_1.*t13.*t16.*4.5e1;
t87 = alpha2_3.*t13.*t16.*4.5e1;
t88 = alpha2_3.*t3.*t11.*t12.*t17.*1.26e3;
t89 = alpha2_5.*t3.*t11.*t12.*t17.*1.26e3;
t90 = alpha2_5.*t2.*t3.*t10.*t12.*t18.*5.04e3;
t91 = alpha2_5.*t4.*t12.*t19.*3.15e3;
t92 = alpha2_7.*t4.*t12.*t19.*3.15e3;
t93 = alpha2_7.*t2.*t4.*t10.*t11.*t20.*5.04e3;
t94 = alpha2_7.*t3.*t4.*t11.*t21.*1.26e3;
t95 = alpha2_9.*t3.*t4.*t11.*t21.*1.26e3;
t96 = alpha2_3.*t10.*t11.*t12.*t22.*t25.*1.8e2;
t97 = alpha2_3.*t2.*t10.*t11.*t12.*t22.*3.6e2;
t98 = alpha2_9.*t2.*t3.*t4.*t10.*t26.*7.2e2;
t100 = alpha2_10.*t6.*t9.*9.0e1;
t101 = alpha2_2.*t13.*t16.*9.0e1;
t102 = alpha2_4.*t3.*t11.*t12.*t17.*2.52e3;
t103 = alpha2_4.*t2.*t3.*t10.*t12.*t18.*2.52e3;
t104 = alpha2_6.*t2.*t3.*t10.*t12.*t18.*2.52e3;
t105 = alpha2_6.*t4.*t12.*t19.*6.3e3;
t106 = alpha2_6.*t2.*t4.*t10.*t11.*t20.*2.52e3;
t107 = alpha2_8.*t2.*t4.*t10.*t11.*t20.*2.52e3;
t108 = alpha2_8.*t3.*t4.*t11.*t21.*2.52e3;
t109 = alpha2_2.*t2.*t10.*t11.*t12.*t22.*3.6e2;
t110 = alpha2_8.*t2.*t3.*t4.*t10.*t26.*3.6e2;
t111 = alpha2_10.*t2.*t3.*t4.*t10.*t26.*3.6e2;
t99 = t84+t85+t86+t87+t88+t89+t90+t91+t92+t93+t94+t95+t96+t97+t98-t100-t101-t102-t103-t104-t105-t106-t107-t108-t109-t110-t111-alpha2_4.*t10.*t11.*t12.*t22.*t25.*1.8e2;
t112 = alpha2_9.*t6.*t9.*(4.5e1./2.0);
t113 = alpha2_11.*t6.*t9.*(4.5e1./2.0);
t114 = alpha2_1.*t13.*t16.*(4.5e1./2.0);
t115 = alpha2_3.*t13.*t16.*(4.5e1./2.0);
t116 = alpha2_3.*t3.*t11.*t12.*t17.*6.3e2;
t117 = alpha2_5.*t3.*t11.*t12.*t17.*6.3e2;
t118 = alpha2_5.*t2.*t3.*t10.*t12.*t18.*2.52e3;
t119 = alpha2_5.*t4.*t12.*t19.*1.575e3;
t120 = alpha2_7.*t4.*t12.*t19.*1.575e3;
t121 = alpha2_7.*t2.*t4.*t10.*t11.*t20.*2.52e3;
t122 = alpha2_7.*t3.*t4.*t11.*t21.*6.3e2;
t123 = alpha2_9.*t3.*t4.*t11.*t21.*6.3e2;
t124 = alpha2_9.*t2.*t3.*t4.*t10.*t26.*3.6e2;
t127 = alpha2_10.*t6.*t9.*4.5e1;
t128 = alpha2_2.*t13.*t16.*4.5e1;
t129 = alpha2_4.*t3.*t11.*t12.*t17.*1.26e3;
t130 = alpha2_4.*t2.*t3.*t10.*t12.*t18.*1.26e3;
t131 = alpha2_6.*t2.*t3.*t10.*t12.*t18.*1.26e3;
t132 = alpha2_6.*t4.*t12.*t19.*3.15e3;
t133 = alpha2_6.*t2.*t4.*t10.*t11.*t20.*1.26e3;
t134 = alpha2_8.*t2.*t4.*t10.*t11.*t20.*1.26e3;
t135 = alpha2_8.*t3.*t4.*t11.*t21.*1.26e3;
t136 = alpha2_2.*t2.*t10.*t11.*t12.*t22.*1.8e2;
t137 = alpha2_4.*t2.*t10.*t11.*t12.*t22.*1.8e2;
t138 = alpha2_8.*t2.*t3.*t4.*t10.*t26.*1.8e2;
t139 = alpha2_10.*t2.*t3.*t4.*t10.*t26.*1.8e2;
t125 = t97+t112+t113+t114+t115+t116+t117+t118+t119+t120+t121+t122+t123+t124-t127-t128-t129-t130-t131-t132-t133-t134-t135-t136-t137-t138-t139;
t126 = t84+t85+t86+t87+t88+t89+t90+t91+t92+t93+t94+t95+t96+t97+t98-t100-t101-t102-t103-t104-t105-t106-t107-t108-t109-t110-t111-alpha2_4.*t2.*t10.*t11.*t12.*t22.*3.6e2;
t140 = -dq3.*t126-dq4.*t125-dq5.*t125;
t141 = alpha3_9.*t6.*t9.*4.5e1;
t142 = alpha3_11.*t6.*t9.*4.5e1;
t143 = alpha3_1.*t13.*t16.*4.5e1;
t144 = alpha3_3.*t13.*t16.*4.5e1;
t145 = alpha3_3.*t3.*t11.*t12.*t17.*1.26e3;
t146 = alpha3_5.*t3.*t11.*t12.*t17.*1.26e3;
t147 = alpha3_5.*t2.*t3.*t10.*t12.*t18.*5.04e3;
t148 = alpha3_5.*t4.*t12.*t19.*3.15e3;
t149 = alpha3_7.*t4.*t12.*t19.*3.15e3;
t150 = alpha3_7.*t2.*t4.*t10.*t11.*t20.*5.04e3;
t151 = alpha3_7.*t3.*t4.*t11.*t21.*1.26e3;
t152 = alpha3_9.*t3.*t4.*t11.*t21.*1.26e3;
t153 = alpha3_3.*t10.*t11.*t12.*t22.*t25.*1.8e2;
t154 = alpha3_3.*t2.*t10.*t11.*t12.*t22.*3.6e2;
t155 = alpha3_9.*t2.*t3.*t4.*t10.*t26.*7.2e2;
t157 = alpha3_10.*t6.*t9.*9.0e1;
t158 = alpha3_2.*t13.*t16.*9.0e1;
t159 = alpha3_4.*t3.*t11.*t12.*t17.*2.52e3;
t160 = alpha3_4.*t2.*t3.*t10.*t12.*t18.*2.52e3;
t161 = alpha3_6.*t2.*t3.*t10.*t12.*t18.*2.52e3;
t162 = alpha3_6.*t4.*t12.*t19.*6.3e3;
